Pulugluul quomodo 1111111111 011111111111 1111111111111476. 504: 11111
intelligendi 111111111111111Δ1ς1111111”111111)111 11111 11111
lominus 111111 11111 illuminantium.

Perluutio simpliciter 1111111111 111111111111111111 quid 153: 111 seusu
dixerint ΡΡ.11111 111111111111 11 Duo 111111 11111155.

111111111111 multiplicitas 1111111 1111111111111111 11 lieo 157: 11
11 1111111111 1111111111111111111111 Dei 111 uului· 111111111111.

1 includuntur 11111 portentione· 160. 1111.

1111111111 iutuitu 111111111111 111111 265.

1111111111 111111 11111 1111111 quomodo intelligendum.

111111 quo 11111 1111111 1 Ρ1111 1111111111 111111111111111111 111·
11111 111166511111 111111111 1111111111111111111 669.

1111111111 1111111111111111 1 11111111 111111 11111111 211.

, Potuibillunu 111 1111111111 111 111111111696ι quomodo 111111111111

11111197.

1111111111 1111111111 1611111.

Ρ111111111111111111111111115611 1111 1161111111111111111 1111111 561.
11111111 11111111111111 11 incompleta 5651111111111111 8111111111
1111111111111 retertur 11 glorium 111 11 guttim 566.

111111111111111111111 1111111 11111111111111111ι 11 111, quae grutuita
11111111111, gratuito praedestinatum quopropter 1111111 11111
111111, propter 11111111 111111111111111111111 5711.

Ρ1111111111111 11111111 11111111111111111111111111111111582. 111-
11111111, 7111111.

1111111111111111 glorium 11111 pruvini· 1111111 515ι 1111111111
11111 111 111111111 1111111 81111111111111111111111 607.
11111111111111 11 1111111 1111 11111111 111111 1111111111 111 11 un·
11111 111111 6081 difficilium 1111 11111111111811111111111 611. 616.
Augustini 6171111111 665. Quid 111111111111 1111111111111, qm

1111 111111111 tribuuntur: 11· 111 u 111111111111. suut prae· 1

1111111111 591.

11111111111111111 ulgus 707.

11111111111111 luxit 1111111111111 5761 1111111111 111 Augustino 11011
111111 1111111 ς hou 11111 11111111111 probatu 111111111111111.
,1111 1111111 1111111 1111111577. ,

1111111111111 111111 1111111 liberorum 111 111111 111111.

111111111111111111111 iuxta 81111111111111 6115.

11111111111111111 certitudo duplex 11111 1. ’111111 663.

1111111111111111111111 419.

1111ιοί11111 Del 156. 1111111111111 11 1111111111 11111111111437.

1111111111 11111 111111111 11 1111111111 Del 1111111111111111111311.

Propositum 111111111111111111111 11 11111111111111 671ε 1111 uhu·
111 quid 111116111706.

Pauper (Β.) 11111111111111111 1111111111 1111 11111111 111111 11111-
titulun 1111111561 11111111111111111 11. 111111111111 1111111111 ’

 

