G

1111111 11 111111 11111111111111 11111. 11. 111 1111 1111111111 111
11111 11111111111111111 1111111111 ine 1111111111 11111111 5.

111111 11111111 enm 11111 intellexit 11 111111111111111111111
opposite engnnnente 111111111 li.

(11111111 1111111111 11111 158.

111111 Ilei 1111111111 w.

entim nyeterinn 1111111111 eim 1111111 liei 111 111 1111111111 in
1111 1111111 11111 11 1111 11111111111 101. 1111. ine.

11111111 Ι. <lietu 11 11111111 liei 1111111111141.

l

11111111 111111111 11 1111111111111111511.
iiam 1111111111 111111101. 11οε 111111 111 11111111 11 811111111·

111111 1111111 119.

1111111111 Dei 1111111 intelligentie 151.

11111111111111111111 liei 11111111 1111111· tte: 111111111111111 111
11111111 1111111 11111111111111 811.

1111111111 1111 111, 11 11111111 1111111111 neo 188.

1111111111111 111 11111 1111 1111111 111111111 11111111111 neu
11111111111111 nio: 11111 11 111 11111111 1.·111111.11.1; neu
1111111 11111111111 111111 11111111 111 111111111111ι 11 111111
1111111111 11111 11111111111111 11111111111111 1111111111. 11111-
111 111; 11111 11111111111. 11 111111111111111 111111 11111111
Del 11111111 111.

1111111111ἱί 111; 1111111111 1111111111 11111111111111111111111111111
eim 11111111111111111 1 1111111111111 theologam, 111 11111-
1111 1111111111111 1111111111 111111111111 iti.

intellectio 111111111ε eine obiectu for-ele et mterteie tm: 11111
111111111 11111 nere 111 11111111 11111111111111 111 etin 11
111111 181.

11111111 1111111111 liei 1 11111111 1. 11111111 1111111111111 111111-
111 111. 11οε 1111111111 111 1111111 ΡΡ. 111111111 111.

[1111111111 Dei 111 11111 111111111111111138.

1111111111111 liei itt: 11111 PP. qni disputent 111 1111111111 1111 111
11 11111111111111111111 111. 189: 11111 1111 invisibile· 111111 111
11111111 11111 11111111 111 1111111 11111111 1111111 1111111111
1111111111 111-,1111 111111 1111111111 1111111111111111 elevetur
11 11111111 lieu itt: 111111 111 1111111111111111111111

1111111111111 Dei 11 seripturis 11ΡΡ.1111111111111111111111 et 111111-
111 11111 intellectu 1111111 ite.

1111111 11111111 liei 1111111111111111111111111 1111111111 111.

1

 

